62.009	10.151	-4.0257	-14.241	-1.6348	-13.384	12.523	1.0555	3.9438	-11.065	-2.8222	-16.707	-8.552	15.261	-12.664	0.57864	1.2147	10.866	2.7904	3.5117	-7.6201	7.4822	-8.8953	-5.0539	-5.1921	-7.4656	-4.966	7.0053	6.2092	-1.6726	-6.9886	4.8712	2.9817	9.9004	-15.118	-4.0919	-0.57832	-0.45216	-3.2637	0.1684	-0.04402	-12.79	-2.6361	-7.6182	0.19653	10.199	-2.4832	2.3129	-21.016	7.0923	-2.5242	2.5058	-1.2747	6.8972	-6.362	-5.2887	0.52798	6.6295	8.62	4.0408	5.6379	-12.668	-9.4543	6.8985
10.151	51.639	-1.5725	-5.0632	-16.764	-1.1264	-11.921	0.35224	-12.086	-3.6267	10.376	-1.016	1.4838	-2.9795	0.41954	9.8757	3.2347	3.9873	-1.3112	-0.97048	-19.333	-10.129	-2.3223	-7.3829	6.3279	-8.5246	-7.9656	14.69	14.042	9.8376	-4.5693	-5.171	9.2865	-6.6671	-12.312	-13.271	5.9925	1.5154	1.2893	-11.068	-1.508	-9.6978	-0.42966	-13.781	3.347	6.5142	4.0205	-4.2438	-9.3748	15.048	-13.813	-1.933	-6.1075	-6.2468	3.3746	-3.253	-0.31213	6.7829	-7.2177	2.236	1.9075	-7.7971	-5.5048	-4.8697
-4.0257	-1.5725	60.514	-3.6286	9.9365	1.8992	2.5505	2.6878	-12.756	10.869	-6.0567	3.8398	14.776	14.209	-5.0495	-10.954	-1.3821	-0.35465	-9.9287	-1.101	4.5866	-0.49456	5.4848	-6.5392	2.4673	0.93199	6.3416	-5.5457	8.4711	-7.3173	1.1519	-13.097	-5.5359	-16.279	4.6874	6.0565	-4.7304	-4.5294	-13.275	-10.692	1.2607	8.4416	5.5963	3.1906	-1.7883	3.2507	7.5264	6.8331	-10.683	-0.62781	10.846	-0.98801	0.99385	-4.3372	-6.8084	3.9535	-5.0809	2.1618	-1.9831	10.506	2.1148	6.3035	12.068	-6.0528
-14.241	-5.0632	-3.6286	64.743	-8.6932	10.318	2.2244	-17.402	7.4839	-6.0851	10.398	14.688	-8.7144	-1.9857	2.0163	2.1458	-3.4653	1.4954	10.334	5.5606	5.9311	-6.5256	12.582	15.803	-2.0391	12.702	-8.995	-9.4882	-2.4459	10.555	-2.6739	-2.6874	-4.4793	-1.0467	9.3595	-4.7534	3.1117	-6.0497	10.102	1.8974	0.10638	-7.4527	5.4579	1.0352	3.155	-12.238	12.185	-6.0943	13.556	8.018	-9.2879	-12.04	13.016	-8.3713	8.5684	-15.596	-13.697	-0.98786	-0.46834	-13.808	-6.6835	-0.86279	-4.2461	8.2134
-1.6348	-16.764	9.9365	-8.6932	68.97	-4.0134	9.2527	18.981	-0.077917	3.281	-6.1646	-0.85454	8.6537	10.033	-1.8689	12.517	3.3314	-12.279	-9.1028	16.508	12.438	6.1529	12.611	6.0178	-15.458	-12.453	12.581	-3.6719	-21.379	-3.8872	-2.7792	13.975	6.4679	5.8082	-2.3612	-2.6773	-3.9048	-0.53616	4.9949	-0.2815	11.905	9.3537	1.8432	2.2968	-16.72	-10.611	-7.2893	1.1135	6.9091	-10.439	8.6178	6.5496	4.1271	18.313	0.54003	22.479	6.6582	-10.589	3.1028	-0.14745	3.7618	-2.186	-4.8002	3.6106
-13.384	-1.1264	1.8992	10.318	-4.0134	52.438	-7.6291	-0.52168	-7.1735	-9.0334	10.254	11.114	4.3927	-4.8026	3.8132	-0.93416	-3.2438	-0.13808	-10.509	4.9762	-6.4487	-16.296	-0.34007	11.729	-12.799	5.8097	-14.697	8.5161	-12.352	10.743	1.9214	-5.6206	-6.9912	-1.715	-0.91791	-11.593	7.9961	-6.0296	-4.6383	10.281	8.8756	3.4847	3.2178	3.3552	1.1935	-5.5579	0.42026	0.5224	10.696	-3.5005	2.6057	-5.7147	15.318	-10.6	2.3484	13.323	-0.62055	-7.2411	-5.9862	-5.9237	-7.4208	-2.5368	3.0741	-0.12021
12.523	-11.921	2.5505	2.2244	9.2527	-7.6291	57.741	-14.541	17.236	0.5825	-3.8691	-8.9323	-8.9188	-2.6137	-3.7349	-8.6293	-4.3169	0.64633	8.4099	12.685	-7.5691	3.4793	17.996	14.852	1.8292	2.3657	7.1219	-13.556	4.922	2.0294	-3.0111	14.277	8.7131	14.9	2.2901	-3.922	-8.6757	1.5586	-10.57	11.257	-14.934	-8.112	-1.5606	4.5573	-3.6194	5.2716	11.02	10.98	-6.9118	18.712	3.7027	3.1886	3.5919	-4.664	1.6698	-7.2912	2.6585	11.139	7.2013	7.4264	0.0039375	-4.2273	-8.1473	2.8783
1.0555	0.35224	2.6878	-17.402	18.981	-0.52168	-14.541	63.226	4.5268	4.6724	-15.174	-6.1627	7.8326	13.146	-0.93444	8.3514	2.0472	14.854	-6.2956	1.9416	-0.042005	6.9525	-7.1025	-2.2473	3.3068	-10.381	13.131	2.6451	-11.959	-12.2	3.3038	11.033	14.318	-7.1294	-11.745	14.87	4.1107	0.75639	17.232	-7.4875	8.742	19.954	10.146	-2.3726	-12.97	-10.139	-18.916	2.9031	-1.6368	-6.0174	8.0015	5.4613	1.6064	7.1014	9.2814	30.512	8.1265	-15.583	-4.6203	7.4124	4.6794	0.52893	12.345	2.0027
3.9438	-12.086	-12.756	7.4839	-0.077917	-7.1735	17.236	4.5268	54.88	-2.3772	-13.497	5.0541	1.8154	1.6717	-0.47063	1.8804	-2.813	-5.3324	12.038	0.16263	13.325	11.448	2.896	2.447	-2.036	-3.6115	13.69	-4.2123	4.0568	10.442	6.6907	15.754	12.038	9.6849	4.1772	7.4221	-6.5642	18.982	2.5768	12.685	-0.33326	2.149	-7.5183	-5.8725	0.7795	-5.0256	4.201	8.454	-11.812	4.6731	-3.7089	-10.573	1.2506	-0.0068707	15.773	4.1412	-2.317	4.8359	4.147	6.5499	1.0252	2.4421	-11.1	-5.7828
-11.065	-3.6267	10.869	-6.0851	3.281	-9.0334	0.5825	4.6724	-2.3772	42.011	1.53	-2.579	9.5605	-1.7748	-5.5258	7.8602	13.18	-10.111	-3.297	0.2913	2.5872	2.2834	10.744	-10.423	6.9267	4.7315	3.5765	-12.824	-7.389	-7.8766	-3.2314	-4.7077	5.8693	-6.5323	6.2956	1.1745	-17.167	-7.2866	-6.616	-10.492	2.6934	-2.6669	8.2535	1.1096	-4.6355	-2.625	-5.8283	-3.6966	8.0391	-3.1144	5.092	4.3173	7.3001	-0.34899	4.6777	3.1406	5.4712	0.94323	0.46141	-0.3965	7.6735	7.3784	9.6747	-4.8235
-2.8222	10.376	-6.0567	10.398	-6.1646	10.254	-3.8691	-15.174	-13.497	1.53	54.726	4.0767	-1.5032	-6.7518	4.2038	0.888	14.471	0.29275	-0.7577	-9.6139	-14.022	-5.5534	-1.3681	9.4481	8.2693	8.0265	-18.322	-2.4406	3.5132	3.5279	-3.2086	-13.153	-8.3687	7.6468	-2.7682	-20.423	-6.1981	-13.02	8.9731	2.3823	-1.7908	0.95813	-10.483	-16.303	7.3623	1.2362	-3.0911	6.7023	22.05	-0.83865	-12.875	-6.4418	-4.5819	-7.5105	3.4731	-6.0228	-5.7291	4.7271	-0.38516	-15.253	2.8602	-10.204	-0.27315	11.224
-16.707	-1.016	3.8398	14.688	-0.85454	11.114	-8.9323	-6.1627	5.0541	-2.579	4.0767	55.693	11.441	1.7637	1.6853	-4.0868	-1.7263	-9.0405	-12.826	-15.794	11.561	-4.1976	-2.2079	5.1346	-4.8106	3.8614	-0.90806	-2.4847	1.7192	4.5641	8.5663	-2.6267	-6.6329	7.4989	2.4529	5.0862	10.622	-1.2383	7.1648	-5.608	-4.1278	-0.48095	-0.39491	4.8413	7.688	-8.7711	-2.8297	-0.67502	14.993	-4.8596	-1.61	-13.8	-1.2474	-4.3996	3.2283	2.5731	-9.3521	9.3724	2.1601	-5.0263	-9.5498	0.81123	-6.0832	-0.40966
-8.552	1.4838	14.776	-8.7144	8.6537	4.3927	-8.9188	7.8326	1.8154	9.5605	-1.5032	11.441	46.707	7.1895	-6.4829	-5.0642	11.191	-13.864	-8.719	7.7634	2.8907	-1.6062	3.7021	-9.3549	-3.7046	3.9481	7.2797	-0.81627	1.8256	-4.891	8.8032	-0.4917	-3.5357	-6.2646	7.0608	3.8693	2.718	1.665	7.4836	-10.654	-2.7306	-3.3515	-2.5165	3.6947	-0.063037	-3.9986	0.52616	-10.058	22.311	-5.7001	7.2133	-10.608	4.9547	3.3342	-2.2022	1.6448	8.8776	-5.0835	1.2052	7.5574	-6.8829	2.7195	-4.0341	-5.5878
15.261	-2.9795	14.209	-1.9857	10.033	-4.8026	-2.6137	13.146	1.6717	-1.7748	-6.7518	1.7637	7.1895	50.994	5.2834	-4.0573	4.4222	3.8897	-3.2741	-5.3478	-7.6967	7.0742	-5.2738	-0.34262	-2.41	0.11505	5.7602	-1.8679	-4.8721	-20.312	-4.2302	3.2848	-6.7559	-10.004	-4.1756	9.008	-7.5205	-9.1095	6.473	4.9255	1.8567	5.1592	0.024751	-9.244	-9.3957	11.446	1.4896	-4.7853	-1.3324	-2.5861	5.9834	-9.7481	-8.9733	-1.9818	-1.0463	8.2948	-14.006	-16.221	11.045	6.6918	3.9576	-2.7258	8.9139	6.6485
-12.664	0.41954	-5.0495	2.0163	-1.8689	3.8132	-3.7349	-0.93444	-0.47063	-5.5258	4.2038	1.6853	-6.4829	5.2834	38.487	-1.9894	-5.6821	-1.0999	-6.532	-3.8398	-8.553	-10.056	-3.5705	7.7784	-6.726	-3.167	2.3151	-4.0221	0.60291	-4.1204	10.88	-3.4091	-15.514	-6.3297	14.677	0.17429	-12.785	-11.695	-7.3431	3.9854	2.3944	15.281	3.6183	1.9004	-1.8974	0.587	-7.8882	6.3231	12.301	-6.3709	-13.435	-0.89776	-5.1163	-4.0182	3.7882	-1.1467	-12.085	-4.581	0.55525	-10.922	1.1681	1.835	1.7172	9.0273
0.57864	9.8757	-10.954	2.1458	12.517	-0.93416	-8.6293	8.3514	1.8804	7.8602	0.888	-4.0868	-5.0642	-4.0573	-1.9894	63.91	4.3614	5.6733	7.5425	-0.54916	4.4629	1.676	5.52	-13.976	-16.211	-20.487	5.1419	2.7663	-13.32	4.9389	-8.2668	-3.4231	3.7431	-4.5061	2.5596	2.1121	-1.2098	1.147	-1.0906	-0.67384	14.981	6.5674	3.0385	0.85089	-5.1726	-8.3506	2.8996	-1.5062	11.773	-0.61352	3.8513	2.2778	7.0197	16.94	4.0698	2.7608	4.7274	-10.172	-0.8789	5.5146	3.3924	4.1035	9.6542	9.7392
1.2147	3.2347	-1.3821	-3.4653	3.3314	-3.2438	-4.3169	2.0472	-2.813	13.18	14.471	-1.7263	11.191	4.4222	-5.6821	4.3614	47.489	-13.587	-0.034508	0.6945	-18.269	6.1713	9.8246	-5.9393	13.637	-3.5208	-0.4942	0.86382	-13.97	-2.3417	-18.616	5.1222	2.8431	-6.8582	13.218	6.0203	-8.3324	-18.706	-1.0536	-7.1424	0.60229	0.068955	-2.0814	-1.4175	-2.595	-1.037	5.1165	-16.067	6.0597	-14.424	-0.15921	-2.5236	-1.6704	-7.1285	-0.69827	9.0062	8.8043	0.99573	8.0141	-0.35948	-4.9336	-13.722	0.61373	-3.6762
10.866	3.9873	-0.35465	1.4954	-12.279	-0.13808	0.64633	14.854	-5.3324	-10.111	0.29275	-9.0405	-13.864	3.8897	-1.0999	5.6733	-13.587	73.209	9.7494	-7.8033	10.943	-3.3738	-24.872	9.9828	0.43005	1.9267	-0.59073	-3.3938	2.8052	-4.057	12.183	-8.1009	6.7399	-3.2052	-15.355	-1.0174	25.042	2.4582	-0.080682	-1.528	-1.6271	-0.75914	0.41052	2.2504	-6.4869	4.7499	2.9778	13.031	-6.2126	30.476	1.8638	4.4443	-0.7345	3.8817	4.2249	-3.9846	-20.243	-10.388	11.215	-0.45304	-2.3276	1.3939	6.8305	21.573
2.7904	-1.3112	-9.9287	10.334	-9.1028	-10.509	8.4099	-6.2956	12.038	-3.297	-0.7577	-12.826	-8.719	-3.2741	-6.532	7.5425	-0.034508	9.7494	45.948	5.9515	-6.3797	10.953	-0.88946	0.34349	10.136	8.9569	5.4329	2.0379	11.769	-1.5183	-7.4793	2.7497	3.7626	4.412	-12.527	4.4738	1.9006	16.435	4.1779	7.0214	-10.139	-5.2433	-9.2422	0.51242	9.8026	2.1643	17.044	1.0087	-6.0025	20.34	0.95981	1.8666	-3.3955	-7.39	1.4236	-6.9042	-12.444	8.8419	-2.9545	-0.64916	-4.1735	-0.60725	-6.4862	1.5511
3.5117	-0.97048	-1.101	5.5606	16.508	4.9762	12.685	1.9416	0.16263	0.2913	-9.6139	-15.794	7.7634	-5.3478	-3.8398	-0.54916	0.6945	-7.8033	5.9515	53.81	-5.7529	-6.7119	16.905	3.9359	0.12707	8.689	-0.28497	-5.1179	-7.6604	8.9551	-0.79429	10.249	-2.3458	-0.40697	2.5179	-0.2963	5.5145	-0.015885	3.1134	-8.9691	-2.8329	-11.142	13.77	10.794	-2.5739	-8.8532	1.6426	-13.067	3.7814	3.2218	1.5515	6.3963	13.972	2.4192	-1.7866	-6.4493	1.4218	-14.331	-1.7926	5.9349	-0.97775	-7.3218	-8.0581	10.758
-7.6201	-19.333	4.5866	5.9311	12.438	-6.4487	-7.5691	-0.042005	13.325	2.5872	-14.022	11.561	2.8907	-7.6967	-8.553	4.4629	-18.269	10.943	-6.3797	-5.7529	73.892	4.8319	-7.1142	-9.6885	1.417	1.7304	-1.7225	-2.0161	3.0561	0.5637	17.898	-11.745	-2.2812	1.3861	7.714	-2.0032	22.95	15.054	-6.1422	1.2805	7.1538	-7.9587	5.3295	2.1037	-3.6218	-10.134	-8.5693	8.8405	1.6235	-5.4226	13.258	6.7242	7.8476	22.167	-8.0316	0.25262	-3.4071	-0.7733	3.3263	-4.8633	-0.45406	6.329	-6.1888	-11.003
7.4822	-10.129	-0.49456	-6.5256	6.1529	-16.296	3.4793	6.9525	11.448	2.2834	-5.5534	-4.1976	-1.6062	7.0742	-10.056	1.676	6.1713	-3.3738	10.953	-6.7119	4.8319	51.835	-7.2945	2.5555	12.417	-6.348	0.18672	1.5547	-0.67471	-0.6482	-3.6324	4.5686	17.525	0.17346	0.15775	6.1724	1.5124	-0.85	1.2116	6.893	-2.4493	7.4461	-10.039	-13.855	3.0889	-2.1138	-1.1145	9.1598	-21.04	-7.9232	6.427	1.7736	-6.0219	-0.26665	6.92	8.4682	1.0716	-5.4448	3.6326	11.572	7.5954	-3.8314	-0.58766	2.298
-8.8953	-2.3223	5.4848	12.582	12.611	-0.34007	17.996	-7.1025	2.896	10.744	-1.3681	-2.2079	3.7021	-5.2738	-3.5705	5.52	9.8246	-24.872	-0.88946	16.905	-7.1142	-7.2945	53.686	-10.41	-2.0988	2.4247	-2.807	-7.3638	-5.0955	-5.3848	-10.838	2.4059	-0.038422	3.9123	15.33	-2.0055	-21.855	2.6759	-0.14225	-7.6089	-2.4838	5.4908	6.4373	7.6896	-5.0158	-15.91	-2.753	-6.2814	14.255	-1.1676	3.4389	10.551	11.766	-4.9965	-9.2486	-0.52384	10.75	-0.81715	-0.5562	7.7194	5.2605	-12.78	2.7053	-6.9727
-5.0539	-7.3829	-6.5392	15.803	6.0178	11.729	14.852	-2.2473	2.447	-10.423	9.4481	5.1346	-9.3549	-0.34262	7.7784	-13.976	-5.9393	9.9828	0.34349	3.9359	-9.6885	2.5555	-10.41	63.551	-1.04	3.3718	5.6137	-6.8602	-14.435	17.656	16.473	14.446	2.272	0.18702	-6.7587	-4.5247	11.575	-7.3384	7.1325	17.768	-8.1906	5.0218	-10.039	-4.3409	-10.13	-7.0689	10.844	6.2197	1.9727	6.8416	-3.4979	-0.30523	15.848	-2.2759	11.003	14.214	-10.474	1.5727	-0.38539	-10.519	-6.5593	-6.0795	-9.7136	16.817
-5.1921	6.3279	2.4673	-2.0391	-15.458	-12.799	1.8292	3.3068	-2.036	6.9267	8.2693	-4.8106	-3.7046	-2.41	-6.726	-16.211	13.637	0.43005	10.136	0.12707	1.417	12.417	-2.0988	-1.04	44.337	7.5825	-2.3525	-0.47609	17.521	0.94066	-11.919	-4.0862	3.0693	-4.9624	-2.6951	6.0028	5.6922	-5.7291	2.1753	-7.4238	-10.214	-5.1983	3.8211	-3.8456	4.461	5.9845	2.9032	-1.8797	-7.1737	0.80589	-6.0388	-2.1936	-9.756	-6.3254	-0.87356	-0.62714	-1.7673	4.3135	-3.3458	4.9499	-1.4757	-6.6004	-0.063128	-11.208
-7.4656	-8.5246	0.93199	12.702	-12.453	5.8097	2.3657	-10.381	-3.6115	4.7315	8.0265	3.8614	3.9481	0.11505	-3.167	-20.487	-3.5208	1.9267	8.9569	8.689	1.7304	-6.348	2.4247	3.3718	7.5825	55.04	-6.3011	-2.0516	1.1907	0.90972	3.4964	-1.6216	-17.18	3.7795	-10.54	-1.2025	6.9492	7.7088	11.214	2.6423	-3.7634	-6.4602	-3.3756	2.5795	1.2863	-3.6337	7.309	-3.2573	11.873	0.89305	4.9975	4.8549	8.2138	-6.7751	-16.982	-7.0659	-15.538	8.1633	6.2268	-2.051	-11.472	-2.3598	-6.2549	12.409
-4.966	-7.9656	6.3416	-8.995	12.581	-14.697	7.1219	13.131	13.69	3.5765	-18.322	-0.90806	7.2797	5.7602	2.3151	5.1419	-0.4942	-0.59073	5.4329	-0.28497	-1.7225	0.18672	-2.807	5.6137	-2.3525	-6.3011	45.478	-6.4322	5.6799	0.4946	0.33422	10.178	10.815	-7.1588	7.9669	15.36	0.080164	7.7049	9.0228	0.096509	-9.2491	9.6039	0.62149	10.722	-8.549	-3.2505	14.246	2.26	-0.80692	5.9761	17.695	-4.5369	-5.6079	5.6842	6.8065	10.405	5.7248	-1.342	3.9437	10.469	2.6048	11.764	-1.9577	-5.768
7.0053	14.69	-5.5457	-9.4882	-3.6719	8.5161	-13.556	2.6451	-4.2123	-12.824	-2.4406	-2.4847	-0.81627	-1.8679	-4.0221	2.7663	0.86382	-3.3938	2.0379	-5.1179	-2.0161	1.5547	-7.3638	-6.8602	-0.47609	-2.0516	-6.4322	43.265	12.831	7.7908	-2.4055	9.4144	-1.1767	2.094	-15.904	-6.8504	7.9428	3.112	5.8601	7.9459	3.3415	-10.731	-4.1532	-8.8825	5.8254	11.714	7.6242	-6.2911	-22.935	-5.7629	-5.0272	-1.3743	1.138	0.86666	-5.7016	15.942	-0.07004	-5.2549	1.71	2.3125	-5.61	-5.7699	-4.6909	-9.6755
6.2092	14.042	8.4711	-2.4459	-21.379	-12.352	4.922	-11.959	4.0568	-7.389	3.5132	1.7192	1.8256	-4.8721	0.60291	-13.32	-13.97	2.8052	11.769	-7.6604	3.0561	-0.67471	-5.0955	-14.435	17.521	1.1907	5.6799	12.831	81.395	9.5079	2.243	-7.248	-8.1149	17.022	-3.6459	0.74425	-9.637	16.227	-2.0627	-5.0576	-18.889	-23.327	9.007	0.11744	12.987	23.103	1.2879	15.918	-12.603	17.155	-17.967	-6.9228	-9.5015	-2.9662	-2.0636	-3.4536	-6.0274	14.807	5.6973	2.431	6.4407	4.4882	-15.188	-4.7765
-1.6726	9.8376	-7.3173	10.555	-3.8872	10.743	2.0294	-12.2	10.442	-7.8766	3.5279	4.5641	-4.891	-20.312	-4.1204	4.9389	-2.3417	-4.057	-1.5183	8.9551	0.5637	-0.6482	-5.3848	17.656	0.94066	0.90972	0.4946	7.7908	9.5079	57.313	-0.096721	10.884	9.6939	8.3856	-8.9688	0.15522	14.356	10.578	2.4778	3.6044	1.2963	-12.578	0.67284	-4.947	8.092	-3.3269	17.535	-4.7386	-14.954	1.9131	-7.4917	-4.7792	7.1405	0.66505	7.6186	1.406	2.5856	17.807	-3.7565	0.27592	-7.0883	3.1163	-13.011	-7.843
-6.9886	-4.5693	1.1519	-2.6739	-2.7792	1.9214	-3.0111	3.3038	6.6907	-3.2314	-3.2086	8.5663	8.8032	-4.2302	10.88	-8.2668	-18.616	12.183	-7.4793	-0.79429	17.898	-3.6324	-10.838	16.473	-11.919	3.4964	0.33422	-2.4055	2.243	-0.096721	57.977	-8.1788	-7.966	5.7386	-7.0558	1.7666	6.4116	7.0505	2.6052	4.1694	-1.4722	8.8184	-4.0519	-1.1418	-0.14958	-5.7823	-9.277	15.401	4.9282	4.6866	-2.7601	12.51	8.9876	-5.0787	-3.2372	3.0512	-17.046	-3.5484	-10.098	-6.2497	1.9433	5.6468	-6.4055	21.093
4.8712	-5.171	-13.097	-2.6874	13.975	-5.6206	14.277	11.033	15.754	-4.7077	-13.153	-2.6267	-0.4917	3.2848	-3.4091	-3.4231	5.1222	-8.1009	2.7497	10.249	-11.745	4.5686	2.4059	14.446	-4.0862	-1.6216	10.178	9.4144	-7.248	10.884	-8.1788	44.055	3.5247	3.2567	-1.0128	0.19131	-0.33006	-1.1416	10.846	0.4081	-4.4449	-7.1134	1.4851	-0.18095	-11.318	-0.17284	7.6456	-8.6617	-9.11	-6.0355	-7.6382	-5.8293	6.4434	3.6546	8.6626	15.618	9.6446	-5.9473	11.449	8.0155	-5.9576	-4.822	-11.969	-2.294
2.9817	9.2865	-5.5359	-4.4793	6.4679	-6.9912	8.7131	14.318	12.038	5.8693	-8.3687	-6.6329	-3.5357	-6.7559	-15.514	3.7431	2.8431	6.7399	3.7626	-2.3458	-2.2812	17.525	-0.038422	2.272	3.0693	-17.18	10.815	-1.1767	-8.1149	9.6939	-7.966	3.5247	75.177	6.482	-11.304	6.542	-2.2031	17.683	7.0597	9.6258	-5.8719	8.9308	-12.123	-6.5105	5.8152	-8.3096	4.2989	-4.2365	-22.742	23.011	15.186	-3.1476	2.2043	-7.427	17.968	7.8899	5.0829	3.8561	-4.9932	15.076	11.801	8.2005	1.3828	-4.7481
9.9004	-6.6671	-16.279	-1.0467	5.8082	-1.715	14.9	-7.1294	9.6849	-6.5323	7.6468	7.4989	-6.2646	-10.004	-6.3297	-4.5061	-6.8582	-3.2052	4.412	-0.40697	1.3861	0.17346	3.9123	0.18702	-4.9624	3.7795	-7.1588	2.094	17.022	8.3856	5.7386	3.2567	6.482	51.864	-14.949	-2.4599	-12.139	22.248	10.643	13.412	-3.5422	-16.399	-11.209	-4.2755	7.1422	3.2327	-3.7284	18.125	3.7489	9.7286	-2.6955	6.3459	5.1876	2.3772	-3.7702	0.56529	0.46279	14.899	1.3715	-3.0669	0.32073	-4.8925	-7.3612	9.6491
-15.118	-12.312	4.6874	9.3595	-2.3612	-0.91791	2.2901	-11.745	4.1772	6.2956	-2.7682	2.4529	7.0608	-4.1756	14.677	2.5596	13.218	-15.355	-12.527	2.5179	7.714	0.15775	15.33	-6.7587	-2.6951	-10.54	7.9669	-15.904	-3.6459	-8.9688	-7.0558	-1.0128	-11.304	-14.949	70.452	0.20705	-6.6953	-18.794	-11.846	-10.484	0.53445	11.714	13.804	11.957	-1.7721	-10.717	-9.6744	-5.3818	9.9337	-19.035	-8.0302	3.7235	-0.52093	3.6391	2.8195	-9.2208	12.133	-16.488	16.169	-5.1755	-2.1197	8.9364	0.91012	-5.2402
-4.0919	-13.271	6.0565	-4.7534	-2.6773	-11.593	-3.922	14.87	7.4221	1.1745	-20.423	5.0862	3.8693	9.008	0.17429	2.1121	6.0203	-1.0174	4.4738	-0.2963	-2.0032	6.1724	-2.0055	-4.5247	6.0028	-1.2025	15.36	-6.8504	0.74425	0.15522	1.7666	0.19131	6.542	-2.4599	0.20705	61.555	-6.6194	7.128	-0.20397	-2.4694	-6.506	12.287	4.2489	16.818	2.2073	1.7729	-0.078115	-14.419	-3.0777	-1.1225	16.577	-4.4048	-3.2164	-3.371	-4.2946	-1.3051	-4.5263	2.4677	-9.2082	12.283	-3.819	4.3065	10.886	0.83132
-0.57832	5.9925	-4.7304	3.1117	-3.9048	7.9961	-8.6757	4.1107	-6.5642	-17.167	-6.1981	10.622	2.718	-7.5205	-12.785	-1.2098	-8.3324	25.042	1.9006	5.5145	22.95	1.5124	-21.855	11.575	5.6922	6.9492	0.080164	7.9428	-9.637	14.356	6.4116	-0.33006	-2.2031	-12.139	-6.6953	-6.6194	66.024	-4.9053	3.923	-4.3087	6.5528	-11.14	8.6551	3.5361	2.3255	-6.7571	5.3214	1.6104	-10.899	1.7308	11.065	0.1065	1.6058	4.7842	0.15231	1.2304	1.888	1.9298	-2.9861	-1.6337	-16.762	1.8159	-16.227	-8.1959
-0.45216	1.5154	-4.5294	-6.0497	-0.53616	-6.0296	1.5586	0.75639	18.982	-7.2866	-13.02	-1.2383	1.665	-9.1095	-11.695	1.147	-18.706	2.4582	16.435	-0.015885	15.054	-0.85	2.6759	-7.3384	-5.7291	7.7088	7.7049	3.112	16.227	10.578	7.0505	-1.1416	17.683	22.248	-18.794	7.128	-4.9053	62.089	10.421	11.482	-4.2458	-1.0922	-16.074	-1.6127	7.3577	-7.4418	5.4722	0.93147	-1.3723	17.841	8.0904	9.1914	6.4406	9.948	-8.5454	4.09	-0.20557	11.219	-3.6524	3.1384	0.88721	6.0854	-2.3132	1.199
-3.2637	1.2893	-13.275	10.102	4.9949	-4.6383	-10.57	17.232	2.5768	-6.616	8.9731	7.1648	7.4836	6.473	-7.3431	-1.0906	-1.0536	-0.080682	4.1779	3.1134	-6.1422	1.2116	-0.14225	7.1325	2.1753	11.214	9.0228	5.8601	-2.0627	2.4778	2.6052	10.846	7.0597	10.643	-11.846	-0.20397	3.923	10.421	47.519	2.2005	-10.617	2.2647	-8.2543	-6.0689	1.7205	-7.8577	0.24366	-6.4459	9.7141	-2.0221	-0.55554	-7.124	-3.0717	8.5802	1.1783	1.2163	-0.24648	-6.8348	-2.9249	5.7165	-5.1489	-2.31	-1.4133	11.042
0.1684	-11.068	-10.692	1.8974	-0.2815	10.281	11.257	-7.4875	12.685	-10.492	2.3823	-5.608	-10.654	4.9255	3.9854	-0.67384	-7.1424	-1.528	7.0214	-8.9691	1.2805	6.893	-7.6089	17.768	-7.4238	2.6423	0.096509	7.9459	-5.0576	3.6044	4.1694	0.4081	9.6258	13.412	-10.484	-2.4694	-4.3087	11.482	2.2005	51.305	-2.3795	9.1341	-14.186	-10.838	5.48	11.524	4.7344	8.8983	-5.223	6.9251	7.3551	0.66893	3.4771	-4.4535	-3.2272	6.9497	-8.8354	10.547	-2.0621	-7.9523	-0.5374	4.215	-0.32091	7.4892
-0.04402	-1.508	1.2607	0.10638	11.905	8.8756	-14.934	8.742	-0.33326	2.6934	-1.7908	-4.1278	-2.7306	1.8567	2.3944	14.981	0.60229	-1.6271	-10.139	-2.8329	7.1538	-2.4493	-2.4838	-8.1906	-10.214	-3.7634	-9.2491	3.3415	-18.889	1.2963	-1.4722	-4.4449	-5.8719	-3.5422	0.53445	-6.506	6.5528	-4.2458	-10.617	-2.3795	45.133	3.4923	4.4023	-3.4856	-13.507	-11.334	-0.35804	4.7369	2.7286	-20.92	-6.0928	7.5808	9.7614	8.1328	1.3231	5.7954	-1.5679	-4.5914	0.86206	-6.269	-2.1591	6.9256	5.0762	3.9828
-12.79	-9.6978	8.4416	-7.4527	9.3537	3.4847	-8.112	19.954	2.149	-2.6669	0.95813	-0.48095	-3.3515	5.1592	15.281	6.5674	0.068955	-0.75914	-5.2433	-11.142	-7.9587	7.4461	5.4908	5.0218	-5.1983	-6.4602	9.6039	-10.731	-23.327	-12.578	8.8184	-7.1134	8.9308	-16.399	11.714	12.287	-11.14	-1.0922	2.2647	9.1341	3.4923	65.882	-4.7339	-0.065663	-3.4097	-15.6	-13.281	2.7999	11.3	-7.6615	10.079	9.652	-3.0149	-10.593	-0.084079	9.8806	-8.3669	-2.3939	-2.922	5.8427	14.634	6.0661	19.77	14.541
-2.6361	-0.42966	5.5963	5.4579	1.8432	3.2178	-1.5606	10.146	-7.5183	8.2535	-10.483	-0.39491	-2.5165	0.024751	3.6183	3.0385	-2.0814	0.41052	-9.2422	13.77	5.3295	-10.039	6.4373	-10.039	3.8211	-3.3756	0.62149	-4.1532	9.007	0.67284	-4.0519	1.4851	-12.123	-11.209	13.804	4.2489	8.6551	-16.074	-8.2543	-14.186	4.4023	-4.7339	44.496	21.187	-3.8974	1.1054	-15.514	-6.1796	0.2252	-4.2633	-8.3162	3.6109	10.088	-2.2275	0.26874	0.9978	8.5741	-3.1546	-5.6102	-4.6405	4.7401	13.082	-2.6185	-6.9779
-7.6182	-13.781	3.1906	1.0352	2.2968	3.3552	4.5573	-2.3726	-5.8725	1.1096	-16.303	4.8413	3.6947	-9.244	1.9004	0.85089	-1.4175	2.2504	0.51242	10.794	2.1037	-13.855	7.6896	-4.3409	-3.8456	2.5795	10.722	-8.8825	0.11744	-4.947	-1.1418	-0.18095	-6.5105	-4.2755	11.957	16.818	3.5361	-1.6127	-6.0689	-10.838	-3.4856	-0.065663	21.187	46.812	-1.0635	-3.3746	-0.99703	-10.26	10.79	0.58548	3.6645	-4.2966	13.647	5.1321	-9.2577	-10.995	2.3103	2.4388	-5.6064	7.112	-9.6591	14.969	-3.8095	-0.53658
0.19653	3.347	-1.7883	3.155	-16.72	1.1935	-3.6194	-12.97	0.7795	-4.6355	7.3623	7.688	-0.063037	-9.3957	-1.8974	-5.1726	-2.595	-6.4869	9.8026	-2.5739	-3.6218	3.0889	-5.0158	-10.13	4.461	1.2863	-8.549	5.8254	12.987	8.092	-0.14958	-11.318	5.8152	7.1422	-1.7721	2.2073	2.3255	7.3577	1.7205	5.48	-13.507	-3.4097	-3.8974	-1.0635	42.407	4.7423	-0.84883	-4.9885	-10.425	3.0186	-7.7925	-6.8601	-9.6008	-11.74	-2.7138	-14.383	-5.5128	11.15	-9.2312	-8.5587	-2.1273	14.147	-0.23963	-8.3766
10.199	6.5142	3.2507	-12.238	-10.611	-5.5579	5.2716	-10.139	-5.0256	-2.625	1.2362	-8.7711	-3.9986	11.446	0.587	-8.3506	-1.037	4.7499	2.1643	-8.8532	-10.134	-2.1138	-15.91	-7.0689	5.9845	-3.6337	-3.2505	11.714	23.103	-3.3269	-5.7823	-0.17284	-8.3096	3.2327	-10.717	1.7729	-6.7571	-7.4418	-7.8577	11.524	-11.334	-15.6	1.1054	-3.3746	4.7423	47.245	-3.7601	1.2414	-27.311	13.348	-7.2656	-11.344	-12.665	-6.8883	-3.0999	-4.312	-7.3165	2.595	7.4566	2.994	5.4068	1.6535	-5.0366	-5.2997
-2.4832	4.0205	7.5264	12.185	-7.2893	0.42026	11.02	-18.916	4.201	-5.8283	-3.0911	-2.8297	0.52616	1.4896	-7.8882	2.8996	5.1165	2.9778	17.044	1.6426	-8.5693	-1.1145	-2.753	10.844	2.9032	7.309	14.246	7.6242	1.2879	17.535	-9.277	7.6456	4.2989	-3.7284	-9.6744	-0.078115	5.3214	5.4722	0.24366	4.7344	-0.35804	-13.281	-15.514	-0.99703	-0.84883	-3.7601	59.388	-5.5833	4.3073	6.4725	10.22	-9.1024	1.69	-0.45428	4.2243	-6.525	-7.9501	7.0198	1.5433	11.081	-13.352	0.67806	2.9826	-7.6619
2.3129	-4.2438	6.8331	-6.0943	1.1135	0.5224	10.98	2.9031	8.454	-3.6966	6.7023	-0.67502	-10.058	-4.7853	6.3231	-1.5062	-16.067	13.031	1.0087	-13.067	8.8405	9.1598	-6.2814	6.2197	-1.8797	-3.2573	2.26	-6.2911	15.918	-4.7386	15.401	-8.6617	-4.2365	18.125	-5.3818	-14.419	1.6104	0.93147	-6.4459	8.8983	4.7369	2.7999	-6.1796	-10.26	-4.9885	1.2414	-5.5833	53.259	-4.5454	4.9763	0.17381	4.7927	0.98368	-4.8242	10.856	17.014	-2.3593	5.319	-0.97239	1.941	8.737	-8.9594	-5.2928	4.6394
-21.016	-9.3748	-10.683	13.556	6.9091	10.696	-6.9118	-1.6368	-11.812	8.0391	22.05	14.993	22.311	-1.3324	12.301	11.773	6.0597	-6.2126	-6.0025	3.7814	1.6235	-21.04	14.255	1.9727	-7.1737	11.873	-0.80692	-22.935	-12.603	-14.954	4.9282	-9.11	-22.742	3.7489	9.9337	-3.0777	-10.899	-1.3723	9.7141	-5.223	2.7286	11.3	0.2252	10.79	-10.425	-27.311	4.3073	-4.5454	94.79	-4.4201	3.519	-1.5159	16.281	8.6	-3.3461	-8.3587	3.1764	-8.0876	-2.5373	-10.369	-11.729	-2.4085	11.11	16.585
7.0923	15.048	-0.62781	8.018	-10.439	-3.5005	18.712	-6.0174	4.6731	-3.1144	-0.83865	-4.8596	-5.7001	-2.5861	-6.3709	-0.61352	-14.424	30.476	20.34	3.2218	-5.4226	-7.9232	-1.1676	6.8416	0.80589	0.89305	5.9761	-5.7629	17.155	1.9131	4.6866	-6.0355	23.011	9.7286	-19.035	-1.1225	1.7308	17.841	-2.0221	6.9251	-20.92	-7.6615	-4.2633	0.58548	3.0186	13.348	6.4725	4.9763	-4.4201	61.5	8.27	0.32164	-2.2264	-12.499	10.517	-6.4411	-12.419	4.5069	0.68132	4.6022	2.3103	3.5422	-3.389	9.312
-2.5242	-13.813	10.846	-9.2879	8.6178	2.6057	3.7027	8.0015	-3.7089	5.092	-12.875	-1.61	7.2133	5.9834	-13.435	3.8513	-0.15921	1.8638	0.95981	1.5515	13.258	6.427	3.4389	-3.4979	-6.0388	4.9975	17.695	-5.0272	-17.967	-7.4917	-2.7601	-7.6382	15.186	-2.6955	-8.0302	16.577	11.065	8.0904	-0.55554	7.3551	-6.0928	10.079	-8.3162	3.6645	-7.7925	-7.2656	10.22	0.17381	3.519	8.27	65.535	6.3147	1.2516	-1.4477	-9.6061	0.54543	1.5177	-3.8421	6.4521	16.647	9.989	-4.0333	17.929	-8.8132
2.5058	-1.933	-0.98801	-12.04	6.5496	-5.7147	3.1886	5.4613	-10.573	4.3173	-6.4418	-13.8	-10.608	-9.7481	-0.89776	2.2778	-2.5236	4.4443	1.8666	6.3963	6.7242	1.7736	10.551	-0.30523	-2.1936	4.8549	-4.5369	-1.3743	-6.9228	-4.7792	12.51	-5.8293	-3.1476	6.3459	3.7235	-4.4048	0.1065	9.1914	-7.124	0.66893	7.5808	9.652	3.6109	-4.2966	-6.8601	-11.344	-9.1024	4.7927	-1.5159	0.32164	6.3147	43.524	6.1656	-3.677	-14.136	7.9515	0.40981	0.51715	-1.0816	-8.9223	3.3315	-4.1165	7.4921	9.4207
-1.2747	-6.1075	0.99385	13.016	4.1271	15.318	3.5919	1.6064	1.2506	7.3001	-4.5819	-1.2474	4.9547	-8.9733	-5.1163	7.0197	-1.6704	-0.7345	-3.3955	13.972	7.8476	-6.0219	11.766	15.848	-9.756	8.2138	-5.6079	1.138	-9.5015	7.1405	8.9876	6.4434	2.2043	5.1876	-0.52093	-3.2164	1.6058	6.4406	-3.0717	3.4771	9.7614	-3.0149	10.088	13.647	-9.6008	-12.665	1.69	0.98368	16.281	-2.2264	1.2516	6.1656	49.292	2.3045	-5.3162	11.672	-2.5383	-6.9611	-0.66055	-0.91	-1.7719	0.49175	-6.6793	7.2402
6.8972	-6.2468	-4.3372	-8.3713	18.313	-10.6	-4.664	7.1014	-0.0068707	-0.34899	-7.5105	-4.3996	3.3342	-1.9818	-4.0182	16.94	-7.1285	3.8817	-7.39	2.4192	22.167	-0.26665	-4.9965	-2.2759	-6.3254	-6.7751	5.6842	0.86666	-2.9662	0.66505	-5.0787	3.6546	-7.427	2.3772	3.6391	-3.371	4.7842	9.948	8.5802	-4.4535	8.1328	-10.593	-2.2275	5.1321	-11.74	-6.8883	-0.45428	-4.8242	8.6	-12.499	-1.4477	-3.677	2.3045	45.431	-4.5241	-5.0692	11.898	-3.5781	4.2512	3.5117	-9.0985	-0.11538	-1.2228	3.9499
-6.362	3.3746	-6.8084	8.5684	0.54003	2.3484	1.6698	9.2814	15.773	4.6777	3.4731	3.2283	-2.2022	-1.0463	3.7882	4.0698	-0.69827	4.2249	1.4236	-1.7866	-8.0316	6.92	-9.2486	11.003	-0.87356	-16.982	6.8065	-5.7016	-2.0636	7.6186	-3.2372	8.6626	17.968	-3.7702	2.8195	-4.2946	0.15231	-8.5454	1.1783	-3.2272	1.3231	-0.084079	0.26874	-9.2577	-2.7138	-3.0999	4.2243	10.856	-3.3461	10.517	-9.6061	-14.136	-5.3162	-4.5241	41.424	13.602	4.4905	-5.6257	-4.5229	1.0391	0.94685	1.0014	-0.70258	-3.5147
-5.2887	-3.253	3.9535	-15.596	22.479	13.323	-7.2912	30.512	4.1412	3.1406	-6.0228	2.5731	1.6448	8.2948	-1.1467	2.7608	9.0062	-3.9846	-6.9042	-6.4493	0.25262	8.4682	-0.52384	14.214	-0.62714	-7.0659	10.405	15.942	-3.4536	1.406	3.0512	15.618	7.8899	0.56529	-9.2208	-1.3051	1.2304	4.09	1.2163	6.9497	5.7954	9.8806	0.9978	-10.995	-14.383	-4.312	-6.525	17.014	-8.3587	-6.4411	0.54543	7.9515	11.672	-5.0692	13.602	69.412	9.5715	-12.042	-0.14989	-0.27362	1.7893	-15.644	-4.9866	-4.7801
0.52798	-0.31213	-5.0809	-13.697	6.6582	-0.62055	2.6585	8.1265	-2.317	5.4712	-5.7291	-9.3521	8.8776	-14.006	-12.085	4.7274	8.8043	-20.243	-12.444	1.4218	-3.4071	1.0716	10.75	-10.474	-1.7673	-15.538	5.7248	-0.07004	-6.0274	2.5856	-17.046	9.6446	5.0829	0.46279	12.133	-4.5263	1.888	-0.20557	-0.24648	-8.8354	-1.5679	-8.3669	8.5741	2.3103	-5.5128	-7.3165	-7.9501	-2.3593	3.1764	-12.419	1.5177	0.40981	-2.5383	11.898	4.4905	9.5715	52.724	3.6791	-9.9674	4.9874	-0.79841	-4.2239	-2.209	-24.369
6.6295	6.7829	2.1618	-0.98786	-10.589	-7.2411	11.139	-15.583	4.8359	0.94323	4.7271	9.3724	-5.0835	-16.221	-4.581	-10.172	0.99573	-10.388	8.8419	-14.331	-0.7733	-5.4448	-0.81715	1.5727	4.3135	8.1633	-1.342	-5.2549	14.807	17.807	-3.5484	-5.9473	3.8561	14.899	-16.488	2.4677	1.9298	11.219	-6.8348	10.547	-4.5914	-2.3939	-3.1546	2.4388	11.15	2.595	7.0198	5.319	-8.0876	4.5069	-3.8421	0.51715	-6.9611	-3.5781	-5.6257	-12.042	3.6791	66.713	-15.032	-6.543	-4.4813	3.6842	-15.241	-8.2907
8.62	-7.2177	-1.9831	-0.46834	3.1028	-5.9862	7.2013	-4.6203	4.147	0.46141	-0.38516	2.1601	1.2052	11.045	0.55525	-0.8789	8.0141	11.215	-2.9545	-1.7926	3.3263	3.6326	-0.5562	-0.38539	-3.3458	6.2268	3.9437	1.71	5.6973	-3.7565	-10.098	11.449	-4.9932	1.3715	16.169	-9.2082	-2.9861	-3.6524	-2.9249	-2.0621	0.86206	-2.922	-5.6102	-5.6064	-9.2312	7.4566	1.5433	-0.97239	-2.5373	0.68132	6.4521	-1.0816	-0.66055	4.2512	-4.5229	-0.14989	-9.9674	-15.032	47.165	1.8224	8.1661	-2.8135	-0.58383	13.084
4.0408	2.236	10.506	-13.808	-0.14745	-5.9237	7.4264	7.4124	6.5499	-0.3965	-15.253	-5.0263	7.5574	6.6918	-10.922	5.5146	-0.35948	-0.45304	-0.64916	5.9349	-4.8633	11.572	7.7194	-10.519	4.9499	-2.051	10.469	2.3125	2.431	0.27592	-6.2497	8.0155	15.076	-3.0669	-5.1755	12.283	-1.6337	3.1384	5.7165	-7.9523	-6.269	5.8427	-4.6405	7.112	-8.5587	2.994	11.081	1.941	-10.369	4.6022	16.647	-8.9223	-0.91	3.5117	1.0391	-0.27362	4.9874	-6.543	1.8224	41.894	3.8526	-8.6786	4.8132	2.3725
5.6379	1.9075	2.1148	-6.6835	3.7618	-7.4208	0.0039375	4.6794	1.0252	7.6735	2.8602	-9.5498	-6.8829	3.9576	1.1681	3.3924	-4.9336	-2.3276	-4.1735	-0.97775	-0.45406	7.5954	5.2605	-6.5593	-1.4757	-11.472	2.6048	-5.61	6.4407	-7.0883	1.9433	-5.9576	11.801	0.32073	-2.1197	-3.819	-16.762	0.88721	-5.1489	-0.5374	-2.1591	14.634	4.7401	-9.6591	-2.1273	5.4068	-13.352	8.737	-11.729	2.3103	9.989	3.3315	-1.7719	-9.0985	0.94685	1.7893	-0.79841	-4.4813	8.1661	3.8526	40.908	1.3069	3.7981	4.3993
-12.668	-7.7971	6.3035	-0.86279	-2.186	-2.5368	-4.2273	0.52893	2.4421	7.3784	-10.204	0.81123	2.7195	-2.7258	1.835	4.1035	-13.722	1.3939	-0.60725	-7.3218	6.329	-3.8314	-12.78	-6.0795	-6.6004	-2.3598	11.764	-5.7699	4.4882	3.1163	5.6468	-4.822	8.2005	-4.8925	8.9364	4.3065	1.8159	6.0854	-2.31	4.215	6.9256	6.0661	13.082	14.969	14.147	1.6535	0.67806	-8.9594	-2.4085	3.5422	-4.0333	-4.1165	0.49175	-0.11538	1.0014	-15.644	-4.2239	3.6842	-2.8135	-8.6786	1.3069	53.813	4.4083	-3.5845
-9.4543	-5.5048	12.068	-4.2461	-4.8002	3.0741	-8.1473	12.345	-11.1	9.6747	-0.27315	-6.0832	-4.0341	8.9139	1.7172	9.6542	0.61373	6.8305	-6.4862	-8.0581	-6.1888	-0.58766	2.7053	-9.7136	-0.063128	-6.2549	-1.9577	-4.6909	-15.188	-13.011	-6.4055	-11.969	1.3828	-7.3612	0.91012	10.886	-16.227	-2.3132	-1.4133	-0.32091	5.0762	19.77	-2.6185	-3.8095	-0.23963	-5.0366	2.9826	-5.2928	11.11	-3.389	17.929	7.4921	-6.6793	-1.2228	-0.70258	-4.9866	-2.209	-15.241	-0.58383	4.8132	3.7981	4.4083	42.64	1.7231
6.8985	-4.8697	-6.0528	8.2134	3.6106	-0.12021	2.8783	2.0027	-5.7828	-4.8235	11.224	-0.40966	-5.5878	6.6485	9.0273	9.7392	-3.6762	21.573	1.5511	10.758	-11.003	2.298	-6.9727	16.817	-11.208	12.409	-5.768	-9.6755	-4.7765	-7.843	21.093	-2.294	-4.7481	9.6491	-5.2402	0.83132	-8.1959	1.199	11.042	7.4892	3.9828	14.541	-6.9779	-0.53658	-8.3766	-5.2997	-7.6619	4.6394	16.585	9.312	-8.8132	9.4207	7.2402	3.9499	-3.5147	-4.7801	-24.369	-8.2907	13.084	2.3725	4.3993	-3.5845	1.7231	70.157
